1.0,-0.9132665883640173,0.9284423696006311,-0.9834093552043672,-0.9434348021451223,-0.962849812911507,-0.9433187871044498,-0.9641374536174734
-0.9132665883640173,1.0,-0.7860390532094247,0.9432479560285507,0.9794107831812885,0.959490888785404,0.9580484213152476,0.9790601937420685
0.9284423696006311,-0.7860390532094247,1.0,-0.8962937305505766,-0.8081240911922285,-0.8562678962929963,-0.8404618588710437,-0.8576250009914458
-0.9834093552043672,0.9432479560285507,-0.8962937305505766,1.0,0.9552640801985678,0.9795079747469573,0.9588337122429259,0.9745866046196816
-0.9434348021451223,0.9794107831812885,-0.8081240911922285,0.9552640801985678,1.0,0.964651428121156,0.9722218180474033,0.9828730289743515
-0.962849812911507,0.959490888785404,-0.8562678962929963,0.9795079747469573,0.964651428121156,1.0,0.9793079891967736,0.9860960375560879
-0.9433187871044498,0.9580484213152476,-0.8404618588710437,0.9588337122429259,0.9722218180474033,0.9793079891967736,1.0,0.9784057910367735
-0.9641374536174734,0.9790601937420685,-0.8576250009914458,0.9745866046196816,0.9828730289743515,0.9860960375560879,0.9784057910367735,1.0